 sensorday | sensormonth | num_obs |     dailymovement      |       dailymood       
-----------+-------------+---------+------------------------+-----------------------
         1 |          11 |    2879 | 0.18860715526224383466 | 2643.3928447377561653
         1 |          12 |    2880 | 0.01041666666666666667 | 2263.6895833333333333
         2 |          11 |    2879 | 0.01146231330323028829 | 2484.9947898575894408
         2 |          12 |    2880 | 0.01736111111111111111 | 3375.2868055555555556
         3 |          11 |    2719 | 0.02206693637366678926 | 3144.2405296064729680
         3 |          12 |    2880 | 0.02291666666666666667 | 3043.6510416666666667
         4 |          11 |    2875 | 0.18017391304347826087 | 1863.3822608695652174
         4 |          12 |    2880 | 0.00659722222222222222 | 3864.7986111111111111
         5 |          11 |    2757 | 0.15850562205295611172 |  627.3870148712368517
         5 |          12 |    2880 | 0.04409722222222222222 | 3724.9923611111111111
         6 |          11 |    2880 | 0.22152777777777777778 | 3251.3875000000000000
         6 |          12 |    2880 | 0.06527777777777777778 | 3690.8298611111111111
         7 |          11 |    2880 | 0.00520833333333333333 | 2270.9930555555555556
         7 |          12 |    2880 | 0.03958333333333333333 | 3691.4204861111111111
         8 |          11 |    2879 | 0.00555748523792983675 | 2772.0128516846127127
         8 |          12 |    2880 | 0.03333333333333333333 | 3691.4697916666666667
         9 |          11 |    2880 | 0.00381944444444444444 | 2663.5618055555555556
         9 |          12 |    2880 | 0.05173611111111111111 | 3691.1125000000000000
        10 |          11 |    2880 | 0.00381944444444444444 | 1632.6503472222222222
        10 |          12 |     668 | 0.02844311377245508982 | 3690.6676646706586826
        11 |          11 |    2880 | 0.01250000000000000000 | 2039.7638888888888889
        12 |          11 |    2872 | 0.00208913649025069638 | 2835.3060584958217270
        13 |          11 |    2877 | 0.00382342718109141467 | 2445.0121654501216545
        14 |          11 |    2873 | 0.00730943264879916464 | 2220.1684650191437522
        15 |          11 |    2880 | 0.00277777777777777778 | 2085.1093750000000000
        16 |          11 |    2879 | 0.00312608544633553317 | 2497.1719346995484543
        17 |          11 |    2828 | 0.00565770862800565771 | 2579.3921499292786421
        18 |          11 |    2880 | 0.02118055555555555556 | 2736.6750000000000000
        19 |          11 |    2878 | 0.00555941626129256428 |  398.1539263377345379
        20 |          11 |    2880 | 0.00416666666666666667 | 2496.6986111111111111
        21 |          11 |    2878 | 0.00243224461431549687 | 1869.0750521195274496
        22 |          11 |    2880 | 0.00312500000000000000 |  893.5125000000000000
        23 |          11 |    2880 | 0.00486111111111111111 | 1792.0458333333333333
        24 |          11 |    2880 | 0.00243055555555555556 | 1512.4979166666666667
        25 |          11 |    2880 | 0.00520833333333333333 | 1512.4746527777777778
        26 |          11 |    2880 | 0.00243055555555555556 | 1824.8041666666666667
        27 |          11 |    2880 | 0.00868055555555555556 | 3028.7986111111111111
        28 |          11 |    2867 | 0.01360306941053365888 | 3620.2441576560865016
        29 |          11 |    2879 | 0.01875651267801319903 | 3646.0409864536297325
        30 |          10 |    1885 | 0.29389920424403183024 | 3518.7198938992042440
        30 |          11 |    2880 | 0.00694444444444444444 | 1130.8704861111111111
        31 |          10 |    2878 | 0.28492008339124391939 | 1445.6712995135510771
(42 rows)

